"Gen";"Gen.mean";"Gmean.mean";"Gvar.mean";"Fis.mean";"Obs.fert.mean";"mean.phenotype.bs.females.mean";"gen.value.bs.mean";"mean.phenotype.bs.males.mean";"bw.var.mean";"cor.bw.to.blup.mean";"cor.bw.phenotype.mean";"Gen.var";"Gmean.var";"Gvar.var";"Fis.var";"Obs.fert.var";"mean.phenotype.bs.females.var";"gen.value.bs.var";"mean.phenotype.bs.males.var";"bw.var.var";"cor.bw.to.blup.var";"cor.bw.phenotype.var"
1;1;-9,623923e-05;0,012418004;0;6,5860607;1713,5875;73,147493;3359,5204;37473,498;0;0,658795687;0;2,68130057303953e-05;2,79136823248889e-07;0;0,0053191867500111;13881,5285953889;200,116517149823;385,408410488888;5389813,02401778;0;0,0506112384109999
2;2;-0,035209916;0,0110846689;0;6,655462;1836,5908;232,33273;3412,2242;25828,738;0,64444858;0,49705748;0;0,000102590842642627;7,54886716349878e-07;0;0,00651537222733334;721,863325066666;215,328597973444;1588,00223817778;1965385,89288444;0,000440803707357333;0,009723733848764
3;3;-0,049392887;0,0106630358;0,0043216866;6,5265722;1948,0102;356,77211;3533,1372;20810,032;0,56821985;0,43707174;0;0,000237515657220446;7,40840674181956e-07;7,03845501423693e-06;0,0157246452075111;246,534661511111;154,836848525444;906,922853066667;1598937,46939556;0,000906525432973889;0,000899493276042666
4;4;-0,063499703;0,0106035336;0,0095269721;6,4655246;2053,3676;466,68804;3659,8856;19575,01;0,51828127;0,38604444;0;0,000516562605848335;8,05570988283378e-07;1,67729172106174e-05;0,0278735342749334;313,269374044448;282,790193227111;815,245109822229;1127103,43057778;0,00107692809025789;0,000606499759618223
5;5;-0,069843005;0,0104933275;0,0136518868;6,3587951;2130,1889;567,99375;3771,4274;18697,243;0,49079309;0,34579007;0;0,000650435559981961;8,45413550890055e-07;5,52433888865024e-05;0,0258612626092111;184,747224100001;285,329881029445;615,429420044445;884711,393645555;0,000475293382723222;0,000342940846675667
6;6;-0,074750517;0,0098779334;0,018350103;6,3160046;2185,6763;655,99494;3873,941;17653,463;0,44971558;0,30595694;0;0,00073603564708109;1,92231209476267e-07;5,10797640814011e-05;0,0354926796318222;73,8445415666666;106,920375047111;482,314271777777;673694,505667777;0,00139186657945289;0,00123428099435378
7;7;-0,073218694;0,0097469564;0,026322264;6,3081843;2215,4092;725,61409;3967,6361;17205,669;0,42615778;0,28560839;0;0,000750419442010316;7,30018690322666e-08;0,000104254476789382;0,0429362895773445;41,2357435111106;86,8494629565555;426,350788544445;500060,891521111;0,001086976836924;0,000896913497532111
8;8;-0,068805043;0,0092076315;0,03292387;6,2893366;2234,4578;782,85355;4037,8396;16523,052;0,40597394;0,26289974;0;0,000825847913843846;1,96164845774944e-07;0,000122914595059244;0,0455796519596;26,3632030666663;113,021303887222;607,458354488891;874945,402128888;0,00144467915045822;0,000826723074902667
9;9;-0,061681792;0,0093746293;0,039177358;6,3507012;2241,22;823,84759;4106,5582;16307,113;0,41624729;0,26884665;0;0,000891254855748396;5,04399674328456e-07;0,000217215696727462;0,0423566570544;23,6142008888887;134,048809623222;628,7178144;591662,283223334;0,00114611745143211;0,000803791632773889
10;10;-0,0427646976;0,0094008957;0,0438323;6,4237543;2233,3247;842,19308;4024,4264;18436,509;0,2517159;0,36319662;0;0,00106783524188658;5,11547270649345e-07;0,000317388383182756;0,0286615567580111;814,691200899999;188,889946695111;1331,00068582222;1274660,06343222;0,00383552649584;0,00185724992040178
11;11;-0,026504747;0,0094247618;0,049789874;6,5256601;2242,0434;859,78495;4117,8399;18368,915;0,34552778;0,35826031;0;0,00091833294522069;4,16445662429067e-07;0,000371118306033827;0,0355771001138778;302,287915155554;135,468744951667;813,203498544441;1264953,43758333;0,00154200604488844;0,00233232080680544
12;12;-0,0205956172;0,0091447385;0,055025216;6,6122256;2259,7884;893,02302;4182,3814;17462,502;0,44326772;0,32639299;0;0,00100681703935002;3,62755588797167e-07;0,000388045016020138;0,0356107259700444;1827,70656404445;505,682609697333;447,708874933331;656040,610062222;0,00236590181185511;0,001184272975541
13;13;-0,021112961;0,0091008388;0,062453033;6,666032;2325,7364;951,35313;4226,3128;17416,043;0,46716415;0,34889805;0;0,00119471427718105;1,00658289914573e-06;0,000503948866726268;0,0432879430666667;4784,33018071111;1916,31703330233;970,03671706667;2097507,17471222;0,00180535794157167;0,00324453257011833
14;14;-0,0228820139;0,0090462475;0,065234781;6,6113661;2410,4925;1013,6933;4271,6337;16711,658;0,43911221;0,31909846;0;0,00101220114905524;1,0973375318365e-06;0,000472374940949454;0,0663529514012111;1126,64824227778;881,617431844443;1452,05588201111;841488,778373333;0,000792982439654333;0,000936216164182666
15;15;-0,0194751408;0,0093010941;0,067907075;6,6167512;2449,1724;1063,3596;4327,4041;16013,772;0,42781879;0,28480293;0;0,000895472463817794;5,59790629328989e-07;0,000381036895180739;0,0516813209399556;113,119442266666;359,976659155555;2267,85436098888;923955,395395556;0,000697015328952112;0,00116618143225122
16;16;-0,0107287806;0,0091953783;0,072537219;6,6724712;2456,688;1094,4437;4378,9488;15987,821;0,42527057;0,28190564;0;0,000813922559470052;9,53241373415344e-07;0,00045686511813881;0,0717534839239556;58,3283293333335;269,709654677778;2926,31208839999;1646917,96916556;0,00147973541382011;0,00141607393344933
